0000000001
0000000010
0000000100
0000001000
0000010000
0000100000
0001000000
0010000000
0100000000
1000000000
0000000011
0000000101
0000000110
0000001001
0000001010
0000001100
0000010001
0000010010
0000010100
0000011000
0000100001
0000100010
0000100100
0000101000
0000110000
0001000001
0001000010
0001000100
0001001000
0001010000
0001100000
0010000001
0010000010
0010000100
0010001000
0010010000
0010100000
0011000000
0100000001
0100000010
0100000100
0100001000
0100010000
0100100000
0101000000
0110000000
1000000001
1000000010
1000000100
1000001000
1000010000
1000100000
1001000000
1010000000
1100000000
